test_iter: 14
test_interval: 20
base_lr: 0.00999999977648
display: 2
max_iter: 600
lr_policy: "step"
gamma: 0.10000000149
momentum: 0.899999976158
weight_decay: 9.99999974738e-05
stepsize: 198
snapshot: 20
snapshot_prefix: "snapshot"
solver_mode: GPU
net: "train_val.prototxt"
solver_type: SGD
